[[        586           0           1           0           0           0           0           0          27]
 [          1         124           0           0           0           0           0           0          17]
 [          0           0          82           0           0           0           0           0           2]
 [          0           0           0          99           0           0           0           0           9]
 [          0           0           0           0          99           0           0           2          10]
 [          0           0           0           0           0          78           0           0           9]
 [          0           0           0           0           0           0          15           1           2]
 [          0           0           0           0           0           0           0          56           4]
 [         95          53          30          30           9          62          16          50           0]]

